15000, 80934b707b5366d63c288e97304b68c38854bf63df7f44a52741c176ae8351eb, [15027, 15036, 15038, 15070, 15079, 15090, 15094]
15001, 8076c25cd2f5dc23ff393e02a5b09e0d38e7972867048a62ecbc7252359214ed, [15003, 15004, 15009, 15010, 15014, 15021, 15033, 15034, 15038, 15059, 15081, 15083, 15094, 15104, 15129, 15154, 15162, 15166, 15181, 15203, 15206, 15210, 15237]
15002, 808a52fb7777d1e76331ef1111966bb353412030c6c810c99e3f65d437b65fbf, [15020, 15055, 15067, 15092]
15003, 80e7a69705dbab7359a5ebc21770329eda376c67556b257b8c724ba7a46369f5, [15001, 15010, 15020, 15061, 15077, 15085, 15111]
15004, 806a1d443232c17bbed8a75e276482aa0a69a44337d5ff549678a225c687555f, [15001, 15012, 15015, 15022, 15027, 15028, 15031, 15034, 15038, 15057, 15061, 15065, 15077, 15081, 15091, 15092, 15106, 15111, 15138, 15149, 15150, 15211, 15215]
15005, 80dbdd4cea7ae39d80351ed1cfaa4c40e9d854a82ea684b25b902e837b6da3ac, [15010, 15012, 15014, 15034, 15048, 15071, 15082, 15084, 15085, 15098, 15103, 15110, 15111, 15113, 15129, 15136, 15146, 15176, 15178, 15183, 15212, 15235]
15006, 80eef818974cb3c34a7e4ed9e554e87c5676d26d219e119df22e8e5e10d961f0, [15015, 15037, 15049, 15091]
15007, 8094a6c189cd9bb43ce1fcab1d732d201f5e31468ae01e475ccd3582a38835a2, [15009, 15011, 15019, 15032, 15035, 15036, 15040, 15062, 15063, 15067, 15076, 15077, 15078, 15083, 15099, 15106, 15115, 15140, 15158, 15200, 15229, 15237]
15008, 80a42b06092aea11a4bc5856550105c27328f538dff56a30c1229428ff61163c, [15015, 15035, 15038, 15048, 15084]
15009, 80a867453f37b048b1386d093befd08683d7fc9ce602eafe4ed3dc4c86e3c676, [15001, 15007, 15021, 15032, 15039, 15040, 15047, 15069, 15070, 15075, 15080, 15085, 15113, 15115, 15118, 15170, 15175, 15185, 15189, 15210]
15010, 80ac0162e90eae1c36c0446f7a7f89e296a1de417a5d8d9e465e25ca161ccdff, [15001, 15003, 15005, 15016, 15019, 15024, 15035, 15036, 15068, 15074, 15077, 15092, 15094, 15150, 15178, 15183, 15208, 15232, 15235, 15238]
15011, 8083a64325abe0093d8cd456648675ff9b0f7ed8b07b4ade6444a64b02d6c96c, [15007, 15064, 15070, 15081, 15092, 15110, 15111]
15012, 803a7d021ffa24605e65db9c9c3afd30b0530b1376107cc36893ba92e2a051fa, [15004, 15005, 15017, 15018, 15032, 15033, 15049, 15057, 15067, 15075, 15076, 15094, 15101, 15105, 15113, 15115]
15013, 80da83519ba7a6aa1621048b13f59fd25d11067e60939a44807d6591339a1927, [15018, 15029, 15031, 15036, 15061, 15067, 15082, 15083, 15092, 15094, 15106, 15111]
15014, 80f6edb4a0bc15457186ba62fa5e68ca0d40cdc8d30c747d44be65dc8ac544b8, [15001, 15005, 15018, 15019, 15022, 15042, 15050, 15051, 15060, 15066, 15069, 15071, 15075, 15081, 15090, 15096, 15107, 15109, 15113, 15151, 15155, 15175, 15185, 15192]
15015, 808f768b998a7d4b44571e8a605a929faf4bc8bb10702cf61d80de1223d05110, [15004, 15006, 15008, 15033, 15038, 15040, 15044, 15057, 15069, 15073, 15104, 15130, 15146, 15152, 15154, 15201, 15218, 15231, 15232]
15016, 80e31394d78bca8118fa8ee5a80a7ac746b329052013d019c0666923672270f1, [15010, 15031, 15035, 15075, 15083, 15091]
15017, 80ad2770ab65d2a8d349b73971018a01fe0987ed71eb6d85dddd6d5fb5c035ea, [15012, 15031, 15032, 15034, 15035, 15041, 15053, 15055, 15082, 15090, 15105, 15131, 15147, 15152, 15162, 15175, 15197]
15018, 80a4eac0b70b6f0f281be6853f6c4ce3883daa4316c000d528e1ba77053bff42, [15012, 15013, 15014, 15039, 15042, 15051, 15055, 15057, 15060, 15076, 15080, 15102, 15110, 15115, 15129, 15211, 15225, 15229, 15231]
15019, 806698f0e8bbc49c2285f33489dabac04648d68191c37bbd18e5dbe31618b073, [15007, 15010, 15014, 15027, 15041, 15067, 15085, 15106]
15020, 800c38eee455194fc9cc775b165fc12accb7102689143a3fc2d83f7bf7ca8911, [15002, 15003, 15023, 15031, 15032, 15043, 15057, 15060, 15061, 15087, 15092, 15094, 15106, 15118, 15119, 15156, 15175, 15187, 15198, 15220, 15231]
15021, 807760c3f095b80ca220712c8578fecd91be30bd736b1f34d13b58e3bdb52119, [15001, 15009, 15037, 15082]
15022, 805c23244cdae9bc8d4a0f6e1479af674da2906e459996d2c489da496637e4cf, [15004, 15014, 15024, 15032, 15054, 15055, 15062, 15064, 15075, 15077, 15083, 15094, 15107, 15118, 15129, 15131, 15167, 15183, 15187, 15228]
15023, 8066574086c77fd43f566ad51b131c56b8ac97edc3618df86849b35275eacb44, [15020, 15037, 15084]
15024, 80df4a3826d170e325017f1b2eb6998185c2df68617bc5741925e3c8d5394758, [15010, 15022, 15061, 15071, 15084, 15090, 15105, 15113]
15025, 80a79fe3de0d886309caa0ceebd6e81c8e4cd8dea002e2dc19c7a089080815b4, [15069, 15070, 15090, 15091, 15103, 15111]
15026, 806a3b9a033c8eefa6f2339cf7d1159a4a1d53b8742671bb770d3b6ca72d00a2, [15031, 15035, 15049]
15027, 8071ec3d76ba25b1e44ebb68ef7f49d64cb61355aa3194b82670d3456b6fef3f, [15000, 15004, 15019, 15029, 15033, 15057, 15064, 15075, 15077, 15079, 15082, 15113, 15127, 15138, 15147, 15186, 15190, 15210, 15211, 15221, 15237]
15028, 8033838d7157e4931fc64e426a930ead17ec1039fd5a2e48ba7987477d018c42, [15004, 15042, 15043, 15048, 15061, 15067, 15068, 15084, 15092, 15097, 15102, 15103, 15123, 15125, 15174, 15176, 15180, 15182, 15185, 15234, 15235]
15029, 80823129d1ea564d078a13e3842811b0296acc791c845e0d124a26b91e448aad, [15013, 15027, 15033, 15038, 15045, 15046, 15048, 15057, 15058, 15065, 15073, 15081, 15088, 15092, 15103, 15111, 15121, 15137, 15198, 15216]
15030, 809861145910ad5f541156e45579f5256d1abbfb51ec2f839a01742d0083ea1c, [15032, 15076, 15082, 15085, 15090, 15092]
15031, 8071ff08501417f49bcbfb8f500b4e68d4bf042df7266ff9cf161a2f7a34296a, [15004, 15013, 15016, 15017, 15020, 15026, 15032, 15046, 15056, 15062, 15068, 15081, 15093, 15100, 15116, 15151, 15169, 15176, 15187, 15195, 15224]
15032, 80b1148d5b2f5d9bfcdc61041cacff85973bc5c7f5464bacdefda86868a2b650, [15007, 15009, 15012, 15017, 15020, 15022, 15030, 15031, 15043, 15051, 15055, 15065, 15070, 15072, 15080, 15116, 15124, 15189, 15204, 15226]
15033, 8030a96852be8f4932b85c9b9db77d58a824dd56c9af47a3d32c167feaeb6455, [15001, 15012, 15015, 15027, 15029, 15041, 15050, 15059, 15069, 15085, 15090, 15100, 15101, 15111, 15127, 15137, 15149, 15156, 15160, 15218, 15220, 15235]
15034, 808246ae5158b67891ab242ea4a8c0c42224a78d7d29d32d9b7977b4c42a3dfd, [15001, 15004, 15005, 15017, 15037, 15058, 15069, 15070, 15071, 15072, 15073, 15086, 15111, 15115, 15130, 15155, 15184, 15197, 15202, 15230, 15239]
15035, 8005f38f006096f356425729e3ed47b692ed564dc40dac53b465f091297ce3c5, [15007, 15008, 15010, 15016, 15017, 15026, 15036, 15044, 15045, 15047, 15051, 15052, 15067, 15078, 15080, 15086, 15090, 15110, 15134, 15144, 15156, 15159, 15224]
15036, 80c0b323d24bf940afe4af99777ac7408a7fcb1f211361aaa5124793aedfacfa, [15000, 15007, 15010, 15013, 15035, 15039, 15059, 15066, 15070, 15080, 15084, 15089, 15101, 15115, 15124, 15150, 15152, 15164, 15171, 15209, 15213]
15037, 8056050b40df1106c0eb4ff427c949ab6ba7151cf10ec07661337a33c71e4578, [15006, 15021, 15023, 15034, 15039, 15041, 15043, 15065, 15066, 15067, 15071, 15072, 15079, 15102, 15108, 15114, 15116, 15134, 15139, 15163, 15186, 15199, 15226]
15038, 8071b0f71834ce4676c5c9f1d627f73af92dc5d7ffcc42ecc6cca1ee8f735860, [15000, 15001, 15004, 15008, 15015, 15029, 15074, 15087, 15091, 15093, 15094, 15101, 15119, 15133, 15172, 15178, 15201, 15205, 15216, 15233, 15239]
15039, 80bd84ab3e6400af6551da5c137af5a63335597c00cd049ac6e4864919231162, [15009, 15018, 15036, 15037, 15048, 15061, 15064, 15065, 15103]
15040, 805c25f1bf81301aaa1e15f1b10a2aec948a5f195b89ae5dbb895c643a06ec8d, [15007, 15009, 15015, 15052, 15070, 15071, 15076, 15079, 15094]
15041, 80a1b07de4b97dd69730edf52b96013c32eb99d61dee88e4e5a291c15364239a, [15017, 15019, 15033, 15037, 15042, 15047, 15053, 15055, 15059, 15060, 15062, 15066, 15109, 15111, 15112, 15126, 15166, 15169, 15184, 15209, 15223]
15042, 808d48d3d8c74448e20b8085bf946d9b527157b4ac81c558a4e0a440307ec819, [15014, 15018, 15028, 15041, 15071, 15092, 15110]
15043, 80bbc40ac4733882afad2ca87d05b5df099e546e21b6de10419343d285ec987f, [15020, 15028, 15032, 15037, 15067, 15070, 15091, 15098]
15044, 804c7dcc299c0dab802200c3f55694f262dd9f631deb599e33795f411b4712e3, [15015, 15035, 15066, 15113]
15045, 8063c492767fc09f29f601f35240652a375e7c9003ae92b3070cdc28077b65c9, [15029, 15035, 15092, 15112]
15046, 8015e43bc996a54c0b41963cc57b6121f9cadb68e45974d2a4c5d19aeb92c9e0, [15029, 15031, 15049, 15061, 15077, 15112]
15047, 804e37357664f84146d8f9d0cb79aa39565db78a83626556c52a49e955c05ef8, [15009, 15035, 15041, 15049, 15056, 15058, 15082, 15094, 15096, 15101, 15106, 15108, 15114, 15115, 15130, 15138, 15146, 15159, 15174, 15194, 15215, 15231]
15048, 80514f8a06541066bdfccd9a97b5cfb92d5f9eefc8f3a6cd474deb33d7c90d91, [15005, 15008, 15028, 15029, 15039, 15051, 15052, 15055, 15056, 15060, 15071, 15081, 15084, 15087, 15101, 15104, 15109, 15136, 15173, 15210]
15049, 8023be734e56021878a40619dc5450d6bf1d6975cd7be6f975aebcb8d6418f12, [15006, 15012, 15026, 15046, 15047, 15060, 15064, 15066, 15079, 15080, 15088, 15090, 15101, 15108, 15148, 15160, 15162, 15205, 15207, 15214, 15220]
15050, 80c542bfe177f543864c1dbb3f64128455467bd92f676a62bf0f4af8cafc3dc1, [15014, 15033, 15077, 15081]
15051, 8015baa27d62a4c12118b6076e42e80d73a0072a6d8005e8dcccec2bcc009036, [15014, 15018, 15032, 15035, 15048, 15066, 15079, 15082, 15106]
15052, 806a8881532360c200ab48ac5cf66fcb369b537cdda83fc6b2b6ac5f5c0d9032, [15035, 15040, 15048, 15057, 15060, 15068, 15071, 15079, 15082, 15083, 15087, 15088, 15098, 15116, 15130, 15143, 15171, 15223, 15224, 15231]
15053, 80b370d237f9e98408995812a5b73e32c35d5bf6ebf025df6b2426103eda51b7, [15017, 15041, 15057, 15058, 15060, 15064, 15067, 15081, 15086, 15088, 15101, 15110, 15114, 15129, 15136, 15214, 15238]
15054, 808d533399117f5023fc6ea1bef23a408876318bf1ac112fef5cfe3e35cac135, [15022, 15091, 15098]
15055, 8061e9097c2b1a39428c0e374f31f2da5477c579d556e1608ea0e0b3e176e391, [15002, 15017, 15018, 15022, 15032, 15041, 15048, 15058, 15059, 15084, 15090, 15095, 15097, 15100, 15109, 15140, 15165, 15171, 15201, 15222, 15223]
15056, 803785ca4a90bffec21a26cd0e72044759cbf1aa45c9d11b74bb69c3e5268618, [15031, 15047, 15048, 15085, 15090]
15057, 80d29eb1533b8e25475c918bed96d27af0da85dc16982daa0b4727ab0bc0f429, [15004, 15012, 15015, 15018, 15020, 15027, 15029, 15052, 15053, 15064, 15067, 15069, 15075, 15079, 15083, 15085, 15122, 15165, 15187, 15219, 15226]
15058, 803a9473792b5628973ae102b2245c7cccaeb42eefa558ead10bc48846ff97d5, [15029, 15034, 15047, 15053, 15055, 15070]
15059, 80ec3120cfc443a2db1794e32a73fe6f3f3c85b15f55f6c61e1c73daeb74de7f, [15001, 15033, 15036, 15041, 15055, 15060, 15070, 15081, 15087, 15094]
15060, 8047c1159ea61ce045ce491b61c8fab68a49176fba8ce0ad49c083261b6a50fe, [15014, 15018, 15020, 15041, 15048, 15049, 15052, 15053, 15059, 15071, 15090, 15101, 15105, 15106, 15108, 15116, 15124, 15139, 15182, 15199, 15201, 15221]
15061, 80969365964e8c2e0f23576e6f756d30127f18ef0180a082b36320283d7cba11, [15003, 15004, 15013, 15020, 15024, 15028, 15039, 15046, 15064, 15073, 15088, 15091, 15095, 15106, 15113, 15134, 15159, 15177, 15214, 15215]
15062, 80ffd596eba065d04194017540ca3cf7433a81b10a5a3ac7f5213d845acf4f1e, [15007, 15022, 15031, 15041, 15083, 15084, 15091]
15063, 80c174051e13c201ea11b8a9c96c09b36603a5edb5852c1b8323d6b53bff8d5c, [15007, 15075, 15110, 15112]
15064, 809d9f61a72be47548b11ac0c3738fcaf8f4171a141be502d08aea784f1fc295, [15011, 15022, 15027, 15039, 15049, 15053, 15057, 15061, 15068, 15076, 15077, 15086, 15088, 15090, 15095, 15126, 15148, 15155, 15169, 15172, 15212, 15221, 15222, 15232]
15065, 8058e2a5655a5ed0acf468fa02910197019bbd1e6294a8d4375887cbd1cab34c, [15004, 15029, 15032, 15037, 15039, 15068, 15076, 15079, 15081, 15089, 15093, 15112, 15117, 15125, 15142, 15155, 15177, 15183, 15185, 15228]
15066, 8044b8a5d0afc708e32f293dcd58468e9b7f7fd1d85b5a30fdee2e0e7b2cc661, [15014, 15036, 15037, 15041, 15044, 15049, 15051, 15081, 15088, 15089, 15101, 15110, 15115, 15118, 15144, 15165, 15168, 15215, 15230, 15236]
15067, 8031c12184fdb93d734f0ee24cb4235250b83e7479b777ebe088703863330081, [15002, 15007, 15012, 15013, 15019, 15028, 15035, 15037, 15043, 15053, 15057, 15068, 15082, 15105, 15110, 15118, 15145, 15160, 15164, 15183, 15208]
15068, 80e061564b76f80b4d9dc6db324288663b6d07b0767d4e56d4c25ce877f9275e, [15010, 15028, 15031, 15052, 15064, 15065, 15067, 15090, 15103, 15111]
15069, 80002fa5d4adf1c96a857b156602600a51f5873b78219568a53ec65ddfe4dac6, [15009, 15014, 15015, 15025, 15033, 15034, 15057, 15072, 15075, 15076, 15086, 15088, 15097, 15101, 15105, 15108, 15163, 15167, 15202, 15212, 15213, 15237]
15070, 807706d7d387618e9dab771c4b5139e331aaf3564c4b8fa15355a0729554a7a8, [15000, 15009, 15011, 15025, 15032, 15034, 15036, 15040, 15043, 15058, 15059, 15088, 15098, 15101, 15115, 15123, 15170, 15202, 15207, 15238]
15071, 805d1ab2147444b32e5c76cb7f7e1a83095181bacf3dabb0c2328673e17cca41, [15005, 15014, 15024, 15034, 15037, 15040, 15042, 15048, 15052, 15060, 15075, 15076, 15078, 15084, 15089, 15110, 15163, 15168, 15198, 15208, 15216]
15072, 809a857276dbe1798b57eec62032e8ac7b4960ff5f410bfb67704121fb4c11ac, [15032, 15034, 15037, 15069, 15079, 15081, 15103]
15073, 80cecde58e0c774ad076a8851e71a3626c7633c7efd7fdfe05824f83c3295b9e, [15015, 15029, 15034, 15061, 15090, 15110]
15074, 80500146a93cca92b3cc800197657a3170bc8decc379a15dc793f275fb89e1b1, [15010, 15038, 15075, 15106, 15113]
15075, 803b3467de7fe99a777473138e0d8d4fcf0bbf64a3c15b488fa452d15f8c37d3, [15009, 15012, 15014, 15016, 15022, 15027, 15057, 15063, 15069, 15071, 15074, 15098, 15105, 15140, 15158, 15178, 15186, 15232]
15076, 80405bcea95b4c637f4a825e3737ef4cf1e900a74075170b47b08da95227675c, [15007, 15012, 15018, 15030, 15040, 15064, 15065, 15069, 15071, 15086, 15092, 15102, 15121, 15124, 15126, 15189, 15194, 15203, 15205, 15211]
15077, 80b6f582aae4eaee67928faa21dad732a79075dda8ac0abcd0d7482b2e8c11e5, [15003, 15004, 15007, 15010, 15022, 15027, 15046, 15050, 15064, 15079, 15092, 15100, 15107, 15141, 15155, 15157, 15186, 15193, 15199, 15218, 15227, 15237]
15078, 80fb9413d2719f98a889d93e9977c638f3b2bc7bb9ddc99393fd5b27e1ecd70c, [15007, 15035, 15071, 15087, 15098, 15106, 15112]
15079, 80f90478402ac6d32982fddc8e33cd9c12ce00b9d634f4fae5805a979a727b32, [15000, 15027, 15037, 15040, 15049, 15051, 15052, 15057, 15065, 15072, 15077, 15080, 15091, 15114, 15115, 15129, 15167, 15174, 15220]
15080, 80e0c83007f53b5a8c74a605e058d470cd094e020fbbc230f608768da0d5cc3c, [15009, 15018, 15032, 15035, 15036, 15049, 15079, 15081, 15090, 15091, 15111]
15081, 80b6d3b01471895b0c087128ef817dfd8221516a95d9c67614ef2f0e014701c6, [15001, 15004, 15011, 15014, 15029, 15031, 15048, 15050, 15053, 15059, 15065, 15066, 15072, 15080, 15085, 15086, 15087, 15113, 15163, 15167, 15168, 15197, 15218]
15082, 80c64459d45034fe8da4882bd0c4e93c1fa05cf1d8ed81d4057b84cf45e17d46, [15005, 15013, 15017, 15021, 15027, 15030, 15047, 15051, 15052, 15067, 15088, 15097, 15098, 15100, 15103, 15111, 15114, 15118, 15120, 15145, 15184, 15222]
15083, 8046d992dad3ccecdab9baa23d8f6c2cb3936c8ec61e8e7258543ba514cf1500, [15001, 15007, 15013, 15016, 15022, 15052, 15057, 15062, 15087, 15116, 15120, 15135, 15153, 15161, 15228, 15239]
15084, 805f63da7b5641bfc3b6d6c7de3d1ff04891a291d8b64b81463c800654604c59, [15005, 15008, 15023, 15024, 15028, 15036, 15048, 15055, 15062, 15071, 15094, 15102, 15107, 15147, 15153, 15162, 15186, 15191, 15194, 15196, 15209, 15217]
15085, 804bce0dd6e15cfaffaf62aaeb0a9d24f2f9a9cd6f7997f01fe3dd79993d8eb8, [15003, 15005, 15009, 15019, 15030, 15033, 15056, 15057, 15081, 15091, 15094, 15101, 15102, 15107, 15112, 15122, 15132, 15145, 15170, 15204]
15086, 808981ea03380ba429f4fe552ca43405791f6981348a171267b1395ef84ffa30, [15034, 15035, 15053, 15064, 15069, 15076, 15081, 15092, 15094, 15113]
15087, 800883bb9f629979441b08799fc0ce98d3db7afc791e8bb35a39bab4b2c77fbb, [15020, 15038, 15048, 15052, 15059, 15078, 15081, 15083, 15089, 15101, 15105, 15110, 15118, 15126, 15132, 15151, 15154, 15176, 15196, 15198, 15228, 15232, 15233]
15088, 80d0ae0e03f5d127ae33bdb936d184ccd3b9bb064d52debb2552e66fc9879dd7, [15029, 15049, 15052, 15053, 15061, 15064, 15066, 15069, 15070, 15082]
15089, 808c2b30b27b7bcf784be528f25c8a8b66edc16fefac3e44a19e690a7c5ef3b8, [15036, 15065, 15066, 15071, 15087, 15091, 15110, 15113]
15090, 8081539005af13ed102fd364dd6bb57958d804cc61645ec0c678dc5d28886fea, [15000, 15014, 15017, 15024, 15025, 15030, 15033, 15035, 15049, 15055, 15056, 15060, 15064, 15068, 15073, 15080, 15114, 15135, 15157, 15169, 15179, 15205]
15091, 80db34e8b2657a7ff43d37ba2069ca576e61b70f589aa4da8a20be3057639095, [15004, 15006, 15016, 15025, 15038, 15043, 15054, 15061, 15062, 15079, 15080, 15085, 15089, 15105, 15131, 15145, 15153, 15177, 15201, 15203, 15208]
15092, 80c5ef447d52eef92d5bdef8fe0c6719bf59e04e98fb61ec7f58b20e37faf83d, [15002, 15004, 15010, 15011, 15013, 15020, 15028, 15029, 15030, 15042, 15045, 15076, 15077, 15086, 15097, 15125, 15134, 15185, 15210, 15214, 15215, 15222]
15093, 803b5b0aaaa4f83c8978986c1d4448dbb0f89ee60bf99b4babaaa67e682c95ba, [15031, 15038, 15065, 15110]
15094, 80ace5d2b36a63b4a41681155bd4446625a9d24199e37f4e32f2d870d404983f, [15000, 15001, 15010, 15012, 15013, 15020, 15022, 15038, 15040, 15047, 15059, 15084, 15085, 15086, 15097, 15102, 15106, 15107, 15113, 15163, 15216, 15218, 15238]
15095, 80292158866c2107dda1c71987e3da44882eadeec59bdf8e55760ae6f5cb75c1, [15055, 15061, 15064, 15112]
15096, 80331d33b62b9d066ac8b64ca96bcf865cb26edce8a3a4749a3d08d0ff36611f, [15014, 15047, 15103, 15111]
15097, 806966aa3ff417c916fffc87046c7f886e3933577948de20f0dfa4a3ce513ff7, [15028, 15055, 15069, 15082, 15092, 15094]
15098, 8058cf89e96e15bfa33ec3b05cf71b266be9606b851f63b8e4baa396ab42065d, [15005, 15043, 15052, 15054, 15070, 15075, 15078, 15082, 15101, 15108, 15116, 15122, 15125, 15143, 15151, 15169, 15192, 15193, 15204, 15230, 15234]
15099, 80765709a8b011ceb9eacede6f428ccf95a2245473290d26aef3a91abb6c0dd4, [15007, 15111]
15100, 807bad0c90c7c5fd16de41c739e24fb2ab32f3bdad6393f15b948e0620a7b840, [15031, 15033, 15055, 15077, 15082, 15113]
15101, 8078178d78511255cffb16279d7309eb87596aae405f8b64635f82c6c00d0447, [15012, 15033, 15036, 15038, 15047, 15048, 15049, 15053, 15060, 15066, 15069, 15070, 15085, 15087, 15098, 15123, 15128, 15181, 15188, 15204, 15219, 15227]
15102, 80591705373e4affbcbe31afca628ab75a3ccab77b82591c9e7524c477a704dc, [15018, 15028, 15037, 15076, 15084, 15085, 15094]
15103, 80458338fe65f83b19e40c97bc75ed0f4eff20fed1a6e2672797a671cd1250fe, [15005, 15025, 15028, 15029, 15039, 15068, 15072, 15082, 15096, 15118, 15134, 15154, 15175, 15191, 15204, 15212]
15104, 80d6e13dd6d6bd383aa29eccaefc67ea40d8f7863570cb57e6eaf9ed71f9e012, [15001, 15015, 15048]
15105, 801078937affd4f219223684fef36f767cdf51d5e44329a90004db8e087f8f8c, [15012, 15017, 15024, 15060, 15067, 15069, 15075, 15087, 15091, 15108, 15113, 15114, 15115, 15117, 15170, 15174, 15194, 15219, 15223, 15227, 15236]
15106, 80275b8013b71095cc12403a4bf5d30553d1626aad0c197a732d8966e131b313, [15004, 15007, 15013, 15019, 15020, 15047, 15051, 15060, 15061, 15074, 15078, 15094, 15115, 15122, 15126, 15130, 15134, 15159, 15199, 15207, 15209, 15222, 15224]
15107, 80bdcaca23d9b29d5fb8244147534f9b1a6833752d0343ad7b54c40b01a9ba1b, [15014, 15022, 15077, 15084, 15085, 15094]
15108, 80d5f01444ce537af62dae0b8e00eedc57c364d816fc343cd02ea5991aa95901, [15037, 15047, 15049, 15060, 15069, 15098, 15105]
15109, 806863b3bcedd70b490d70247ce49aafea75cc6cf16d189f3ddecefdf561708f, [15014, 15041, 15048, 15055, 15111]
15110, 800cce47a4326656514f3adbce5377ac91e79683212fc9913dc0279209f39524, [15005, 15011, 15018, 15035, 15042, 15053, 15063, 15066, 15067, 15071, 15073, 15087, 15089, 15093, 15145, 15152, 15177, 15206, 15213, 15226]
15111, 80e69e02c0f14a71adba3e11467673c50c48eb35bd8f3166f20eb358bd7ee342, [15003, 15004, 15005, 15011, 15013, 15025, 15029, 15033, 15034, 15041, 15068, 15080, 15082, 15096, 15099, 15109, 15119, 15169, 15171, 15195, 15239]
15112, 80d4453bfcab244c4d3a3a64ca1bb1fbeb00dde6129ced235bd3e787ec035f88, [15041, 15045, 15046, 15063, 15065, 15078, 15085, 15095, 15113, 15114, 15115, 15117, 15125, 15146, 15162, 15166, 15182, 15217, 15224, 15237]
15113, 80400b262a7720103da17f6e48652fa3739e347ecfb18e93d74b9589fd8cfcc6, [15005, 15009, 15012, 15014, 15024, 15027, 15044, 15061, 15074, 15081, 15086, 15089, 15094, 15100, 15105, 15112, 15116, 15175, 15179, 15210]
15114, 80bf18bc0b2a01249791967c4cce0d41e2a8544ce1635d46c39c3a7286aaf023, [15037, 15047, 15053, 15079, 15082, 15090, 15105, 15112]
15115, 805f2aec5c3f98790d8afa9219279fde4aaa5fe7924e857d6810bc9399511abe, [15007, 15009, 15012, 15018, 15034, 15036, 15047, 15066, 15070, 15079, 15105, 15106, 15112, 15146, 15163, 15165, 15182, 15183, 15188, 15213, 15233]
15116, 8073b9a8daaf330912e5ce4ef1ff14dd4ff7cbace896e4a416819e7b2413168a, [15031, 15032, 15037, 15052, 15060, 15083, 15098, 15113]
15117, 801f4c84e74280e0e7b751ae0421c284cd27b49e6cb30b3dbd766874bbd9a4e0, [15065, 15105, 15112]
15118, 80035cfaeb2c92db2ecea8292dc0707ba5b7bae574479721ba21b056df85debd, [15009, 15020, 15022, 15066, 15067, 15082, 15087, 15103]
15119, 805f825f1ff971c448a9f370db1c8ac560d87f60bbe2cc16f9d9114a8b4b4405, [15020, 15038, 15111]
15120, 8040109c475525610d49c7c0ac0cda0170e954b4ebc943a88e8758452f160abd, [15082, 15083]
15121, 804c70566c9c8b6358e544aee894866c2ef55f4e4391e0d7d22f1c76ba3fc599, [15029, 15076]
15122, 8045a01f7ca512fe8e83deea5258d4c0982d49e912f9e8e611ce7522a8cdeb5c, [15057, 15085, 15098, 15106]
15123, 8042276b985df9c87419d62f021b4cb5fe5688d4e1a1e8fc695cef329723357e, [15028, 15070, 15101]
15124, 80d514639bb429a3b19abefce43adc45eb1d48ad222c46907cd90b9927018588, [15032, 15036, 15060, 15076]
15125, 80695ed1f9bdfc62d03da0645433f2d926d7bd55c6ebc3388cf30ecccd341564, [15028, 15065, 15092, 15098, 15112]
15126, 8024d04bedbf68f0c735678706c3584abd1ec616688138c41f1224e045eb92ae, [15041, 15064, 15076, 15087, 15106]
15127, 809f25d822b38913b08e5bd7ff22bd380d335f15595e98b156fca2166b2b72d2, [15027, 15033]
15128, 80d11cf10d29cc2f76d7333f8d97a912219b009ceb79f6cf172b58689605564c, [15101]
15129, 80b3874f9933059647ffcb3bc6dd334b876f007da4d062e5959070d5bc861ecb, [15001, 15005, 15018, 15022, 15053, 15079]
15130, 80b546bd72dc8f402cba152c73e5356cb789b81028888825cd26424a140c0725, [15015, 15034, 15047, 15052, 15106]
15131, 806573cf63f999f02271f6dfdba798236b896a32be9ca06bd3e7cf2d9cc41eff, [15017, 15022, 15091]
15132, 806008f9518b10cabe1b3ff19fbdce3c989b3d20d5298c48b87271dfe80e2193, [15085, 15087]
15133, 803fc521a55ff67b79a51e55f26c44af785264d886050ae2870da0fcddcef436, [15038]
15134, 80993ea8c53e71c2e84c9b6bd8651b296045f21be5e404162d20ba6e62a2b14e, [15035, 15037, 15061, 15092, 15103, 15106]
15135, 8074e409124a9a2ffbe86b08185f14af4461688ccc81e72cce681d1b59ea9c1a, [15083, 15090]
15136, 802977917e97a674262603913e871095a49779526b9fd8b6801fbdc9c3863897, [15005, 15048, 15053]
15137, 80a9bb2e848649ba5b507a3de6af3ec42de689370e2fd52edb24bfa62068d447, [15029, 15033]
15138, 802a0f91d5430889f275395aa0cf3e5b9236dc06fa8818ab9628d06838513fef, [15004, 15027, 15047]
15139, 8035ffca269cfde8e2cfb5209e5978fd04b71bf6de76428e18b60c981df8313d, [15037, 15060]
15140, 8059ad64c403bc076ea9934f8bdb0722730aebad22e0d93a5407dcf649565c28, [15007, 15055, 15075]
15141, 806ca14119a98ecf4160e8e4c4c0f49d6feae0b21076bd412b93e0ef9263caf9, [15077]
15142, 80ad7a4d1d91d9a2b9eee1643d1f1e382ad1f20517d92413d14c5285faa92e44, [15065]
15143, 801ecf8ee5e39f2a7869388a8f0408999fc96923ba73c28c783bd856ca8bf378, [15052, 15098]
15144, 8078717cb225bf6de8b97cb8674f984dcb8307944422b3fd40e6c6b5ae5439a0, [15035, 15066]
15145, 807d63b2d575b23e5cbe21f434441a059870c5da128419c1e4b3fa504a8a081b, [15067, 15082, 15085, 15091, 15110]
15146, 8019daa837fd9e9a924a2596134ff57997942ebc7acdba75b113f73ad6ae0053, [15005, 15015, 15047, 15112, 15115]
15147, 80afa00f9e65c7cbb8611e30e3193fdf1ec629d7f6c9344139ba6e0a9e8f1865, [15017, 15027, 15084]
15148, 8049de560bd733b01aad6d97682790ba591cf841c946a7389f52f217eb2bd7c8, [15049, 15064]
15149, 80a16bea7ac82b45962e9a12cfe644d22415d6576e7b6c42bcdd9f368242fedc, [15004, 15033]
15150, 801b7d65d6920feb9c8255a1e35fe348b74d03f7331a1c086c3ef219920a1ed0, [15004, 15010, 15036]
15151, 80cd7028b270b1569d8703655aee8e07eb042b71ead034e941514d94a2a491f0, [15014, 15031, 15087, 15098]
15152, 80e5e986403003371588be515d77a678e81171f1959d882c2d33b4c0c789d0c5, [15015, 15017, 15036, 15110]
15153, 80432f767a08499a490b6c531a2750f661ae25825b4603335f5537ce46b71ae2, [15083, 15084, 15091]
15154, 80c614fda80998b91d2367ab378260517ceabeed73b87d5cb2f8da2950b74ef6, [15001, 15015, 15087, 15103]
15155, 80931028b92981d0d9ce3729e795bfe3bac161a29c8aab153e78fd24115a7d82, [15014, 15034, 15064, 15065, 15077]
15156, 80294dd94243cfec921c56685040765ffccdcd89677e7040e16733ff645c7a0c, [15020, 15033, 15035]
15157, 80161d143f486a2e4e106ecbf4ad28612af6ceb253b50440b217c45a27b084a0, [15077, 15090]
15158, 80d083290e542976b1a73d32d01d8eb3953ae006ce4eb024dbed27014521b562, [15007, 15075]
15159, 80430025357f50f44aaac39b6689b86dee16808bc4aa125f671be841eb603336, [15035, 15047, 15061, 15106]
15160, 8025378e09e0795e6151eb369f620b05afd2952e05aa93a5ded9fa6a9e35a8f2, [15033, 15049, 15067]
15161, 805209419f90fdad071063b313c12bed9d9151e5d4bbe8d15f473886577aab49, [15083]
15162, 803652ea6f3cba2a5499e98628d8710f5305297cc36d0dd06cb17d1cf54101c1, [15001, 15017, 15049, 15084, 15112]
15163, 807c4b96f91d45187216942ef3c31fef87b1ff239bcdf78bab7b68bcffa47884, [15037, 15069, 15071, 15081, 15094, 15115]
15164, 80a4f8545c84953deff14c4c14579dbcabda561c7a514b05c4fe0015d70601e4, [15036, 15067]
15165, 80730d5e53ed764dc99e05ccb9f838e6e7d09e61c9fad7b1866169b31b06d00a, [15055, 15057, 15066, 15115]
15166, 806b77f236c5d3c1fe66234a594d0a06c2b6068f148d2ed08a96b710de221d2c, [15001, 15041, 15112]
15167, 80e8b8bc16ce5970fd4bf2da3a930f9441b43619a2a2cc4accab8a2a85280f41, [15022, 15069, 15079, 15081]
15168, 80216fab2649c5e2dd5d29dbb0c79ceeb9b548d3adbcbd90a45eca424768cc3e, [15066, 15071, 15081]
15169, 80a01c0ffa871b954b8b725e4bc907ace62bf3d0b6143eea8a186785de56d774, [15031, 15041, 15064, 15090, 15098, 15111]
15170, 806be3b97af8007403b54aec6fbd22aae4ea6526dfbc9cfc663b14343fdd61cc, [15009, 15070, 15085, 15105]
15171, 80a1be7ad0f3b6575ceb2cfd82123cec24ab69fa36c5d0a0b9423e6104d42cf2, [15036, 15052, 15055, 15111]
15172, 80b67ee12e5db8349093c32f35b3aea873fba509296605683b3a74a2db9da4cb, [15038, 15064]
15173, 80fe58ac060027269d020c4705dc4fcd18feca127c444442ef2ff58c2b383cea, [15048]
15174, 8009f1d0b999b08221eb07ead8220c13bf79b7fbf4738b1259da11947d65339b, [15028, 15047, 15079, 15105]
15175, 804cfb48d004e6780fa2286468efc37e38bcd376d3d9d8c4a93f0d31f6e3120f, [15009, 15014, 15017, 15020, 15103, 15113]
15176, 808b24ddceedac5d96ccc158d6c66a9884d4498bb8b2d39cb2c4739caa09ff46, [15005, 15028, 15031, 15087]
15177, 80ac687c25a326c0558014f3c734921d86780ca67ed6b6135febf6bc2fe111d4, [15061, 15065, 15091, 15110]
15178, 804a74fecca6aabed86b2642ca5ddf91d03d1943a89c487a91a21bace9757ad3, [15005, 15010, 15038, 15075]
15179, 8025acca193c3e695c59e5840fccc3644dbe1154fdc4aa07e208f732dae0ed84, [15090, 15113]
15180, 80efdd745261bf6a6818b92b715a63ccaeae81bab34ef8ce8a2909e141f78c38, [15028]
15181, 80408a67d232114a61a80f0c744b4ad395fec379d7e773622e1c204b10dfb3d5, [15001, 15101]
15182, 8012e11b7e7c7df40c4164ea7347f25172baca93e6b418b35f60d6230c5642f2, [15028, 15060, 15112, 15115]
15183, 800c9d6122fa0037222f96b45ed5b4d01b560cac95f55f659f79c90b43c33a27, [15005, 15010, 15022, 15065, 15067, 15115]
15184, 80ac38b11be655750c2b015538b4401c120c04de422eb5feec33df807f78bac3, [15034, 15041, 15082]
15185, 802d9cf1fc235c4ba22b8eec76a18ab0b5c650c79d7e5d1db1b2d07f6ba7bdf4, [15009, 15014, 15028, 15065, 15092]
15186, 80824811fffa34bf14297e5fb7340f781e6f13efdd1a345729c332d2f95b0a5e, [15027, 15037, 15075, 15077, 15084]
15187, 80048a00f20608ed213307efd741183fff67623bbc2c0e03aff615e88c107368, [15020, 15022, 15031, 15057]
15188, 80b8b55a7440ec6ac41c0a858e90a633a2df2f3fcd80463d4cccc9c8e81c7550, [15101, 15115]
15189, 801121890a6c3faf5a06959c7db0e658fdb09de3488e81b78dea8118f65c1a2f, [15009, 15032, 15076]
15190, 805fa2f7421a10f6d30ad2a506649e34120d6d203db0428a15c50f54eb11eaba, [15027]
15191, 809895d629e3c2832ee97316f66ce7f820f820d5c6a5abed82caa841034eaac6, [15084, 15103]
15192, 80ecaf00179d839f98984faceab83216ae7dd451046a4617c8825fe008c4a139, [15014, 15098]
15193, 808b08c015b04cb84e771e82d6c7b07d9fecbaed3dfedd76a6d9042192462a7c, [15077, 15098]
15194, 80003a680acfc7a387405fd29f55d7b2fd9c03f35fba558e39f876b8a88cea72, [15047, 15076, 15084, 15105]
15195, 8083e77015e2067794a86b0c794d0761b3d29d8553fcd7d0e3572e97179dced7, [15031, 15111]
15196, 800e14e72ebf914b063c00c4e756053a1062505b8717c9afdd106e5d86917764, [15084, 15087]
15197, 808fcbce48fe110212c9bf2309a59895afed27f902e6e94ae370d8a5736e2bea, [15017, 15034, 15081]
15198, 803de1800d1e71f8b161d8956392ff382b8dad489395542ea509f84612a90bcb, [15020, 15029, 15071, 15087]
15199, 8078f5c229b91152c6cc48080e27bf835029594f2732dc8575cceb088f3bbd4a, [15037, 15060, 15077, 15106]
15200, 80ee7cf01f9b39f7acebd91a1ce585516b3c1abc41827a9d97c0781c2f0ea1b0, [15007]
15201, 8000d4c74073a73ae19f4c282599258854664263c822937db559f2ac972f2656, [15015, 15038, 15055, 15060, 15091]
15202, 80271c7f24697884f7d81dac3bbca8b7316bb37419dc49ad75b1608ce7c80627, [15034, 15069, 15070]
15203, 80dfcbf58a51ed084ce9c3f19527f86aa17023079d2a8dbe02626df55fec7747, [15001, 15076, 15091]
15204, 800221bf87ae2ee888d6c424c827e54aedd566259c8675b887ca19929d9fbd65, [15032, 15085, 15098, 15101, 15103]
15205, 80a0ff5e2819ef24352369ed4b1ca0080001ce951a714923b16bb6f3372d1e3b, [15038, 15049, 15076, 15090]
15206, 80e79eeeb026738d83fd986632f98021e404d13a12bf19c90b25a981ca354f5e, [15001, 15110]
15207, 8065c40110721e737aed356e51870c39a1b4968102639659bc36212a74ad9c31, [15049, 15070, 15106]
15208, 80b5ee1a8a11b0f2caa7a3e6bc8eed341ba914812767b6a4bbb11b4185376640, [15010, 15067, 15071, 15091]
15209, 804525a3d92dbdf60952e9c087deba9b0e2f7e414344c75bb68ba9fef4590b03, [15036, 15041, 15084, 15106]
15210, 803fe88514152e427fd61d58d4905857b792916ed65eddc69da24d761b8d3943, [15001, 15009, 15027, 15048, 15092, 15113]
15211, 80edf576658d84d126dd7c2dbfe8f8f148e662884ba4d09f1678114e11e85374, [15004, 15018, 15027, 15076]
15212, 807ee74cff6c7a09e25e578d90aa003e0c4b162b2435aacbee9f5c42f5a1a9a6, [15005, 15064, 15069, 15103]
15213, 80a3459af815b8b5cc722ee140177bd95ce28f1bba2a393d90cd7bd28ed6be81, [15036, 15069, 15110, 15115]
15214, 80574526545ba0585bc8728f7d21f6539ddd092236124caf1bb92e8146bc8d8e, [15049, 15053, 15061, 15092]
15215, 80afc1d15e6a9c0e83b753f1ec1dc0432e62bd39acc7c8627a6f4e46a32cf815, [15004, 15047, 15061, 15066, 15092]
15216, 80a77753517e18f62cc3b846719ced9c1d15da7864dd8559c18b5f1b1a49281f, [15029, 15038, 15071, 15094]
15217, 80ab2a408f81db471f9b3c5e4d701adec20b9c560dd54be773f99db4bce0b071, [15084, 15112]
15218, 803ffec5a38665e8613764b1d4059fed78116d86a5bb0844a9f63a2f221cb9fd, [15015, 15033, 15077, 15081, 15094]
15219, 80c50d856a14e32238ef241cc3fd64f76a9cb8626a02016b92dc89669444d3e0, [15057, 15101, 15105]
15220, 80467d2c0f87d141689a81f7c79728ecc7d984944dac9c1f0da99c25e5b0c933, [15020, 15033, 15049, 15079]
15221, 80b80fc575fbf502c28e1b75415722bb7dcb474eb0b2a529f96ed33be412289f, [15027, 15060, 15064]
15222, 800ab9bccb64c1062061b4f504f7b8f7234390912f84d59d3b36d71b7e7ef932, [15055, 15064, 15082, 15092, 15106]
15223, 80c0435f7fed4d24fb9bbf5915973a7d3cdec68f8ee66e935965238433c2cd45, [15041, 15052, 15055, 15105]
15224, 80cf388d924beb53f762e2851fc39a6adab8dbf982d62449031188722235ff69, [15031, 15035, 15052, 15106, 15112]
15225, 80c9735b10d874a5bc9e05fd3341563a175fa6c9d7e187c6bc64ea2581da69ca, [15018]
15226, 80269b11baebf73ba3f28f8f84f9ec369fa3c392694c79b20e5d100a38a469b5, [15032, 15037, 15057, 15110]
15227, 80d52671c7806d337f22d13f4fe528e4af01152fcd6e31b05a39279366dc9edd, [15077, 15101, 15105]
15228, 80844193f46e3640a90ccca543a36db60240e485373843cdca5e20335ca970ae, [15022, 15065, 15083, 15087]
15229, 802f32aab806314a3e892051651681109bd3099967b00239bcf0157215f46642, [15007, 15018]
15230, 80e67699bf06b1db50ca8327944bf60b9c83089e9539148635675fe8ee433f05, [15034, 15066, 15098]
15231, 80cc312a9cc2d3f617806ced16d95476e4b54f365e99e66d3a79250054acfb8e, [15015, 15018, 15020, 15047, 15052]
15232, 804ffbd9a428fd9b44fee8da9a07e807452df52972fb4417b91e230b72ea1447, [15010, 15015, 15064, 15075, 15087]
15233, 806aa2c5a7e29f0585c181c4f5ac5f3c8640a7ae81427e440e72fd36bfdd975f, [15038, 15087, 15115]
15234, 804a090f650aae3146140302732b79b80e1567c03613681570e19ac257a134fd, [15028, 15098]
15235, 800e5bdaaafcf8638866ec3be3689765c27a61ead7a39c21cdb56d8a130df94e, [15005, 15010, 15028, 15033]
15236, 80cab2c364b86e488a08f2eac3a391a09edb9a8a402cac155e9681868cdfdf4a, [15066, 15105]
15237, 80c36eb1372ba2de9c3222748b9c2d5d0f59924a5f87da7e270c25758ae6da87, [15001, 15007, 15027, 15069, 15077, 15112]
15238, 8085a6f6d264196468bf8dbd7d62329b33241edf7673025f03a71835e84a431e, [15010, 15053, 15070, 15094]
15239, 807c0b61f47798a49c42207e5f33cf3e36c9128b86dd19aa927b98cb0ed63a73, [15034, 15038, 15083, 15111]
